Date,Total Cases,New Cases
03/29/2019,46,0
03/30/2019,48,2
03/31/2019,50,2
04/01/2019,53,3
04/02/2019,58,5
04/03/2019,63,5
04/04/2019,63,0
04/05/2019,64,1
04/06/2019,67,3
04/07/2019,72,5
04/08/2019,76,4
04/09/2019,76,0
04/10/2019,77,1
04/11/2019,77,0
04/12/2019,78,1
04/13/2019,79,1
04/14/2019,81,2
04/15/2019,81,0
04/16/2019,87,6
04/17/2019,88,1
04/18/2019,90,2
04/19/2019,91,1
04/20/2019,91,0
04/21/2019,92,1
04/22/2019,92,0
04/23/2019,92,0
04/24/2019,92,0
04/25/2019,92,0
04/26/2019,92,0

